109
# format: <path#> <type> <point#> <connects from> <connects to>
1 0 0 32 1
1 0 1 0 2
1 0 2 1 3
1 0 3 2 4
1 0 4 3 5
1 0 5 4 6
1 0 6 5 7
1 0 7 6 8
1 0 8 7 9
1 0 9 8 10
1 0 10 9 11
1 0 11 10 12
1 0 12 11 13
1 0 13 12 14
1 0 14 13 15
1 0 15 14 16
1 0 16 15 17
1 0 17 16 18
1 0 18 17 19
1 0 19 18 20
1 0 20 19 21
1 0 21 20 22
1 0 22 21 23
1 0 23 22 24
1 0 24 23 25
1 0 25 24 26
1 0 26 25 27
1 0 27 26 28
1 0 28 27 29
1 0 29 28 30
1 0 30 29 31
1 0 31 30 32
1 0 32 31 0
2 0 33 40 34
2 0 34 33 35
2 0 35 34 36
2 0 36 35 37
2 0 37 36 38
2 0 38 37 39
2 0 39 38 40
2 0 40 39 33
3 0 41 48 42
3 0 42 41 43
3 0 43 42 44
3 0 44 43 45
3 0 45 44 46
3 0 46 45 47
3 0 47 46 48
3 0 48 47 41
4 0 49 50 56
4 0 50 51 49
4 0 51 52 50
4 0 52 53 51
4 0 53 54 52
4 0 54 55 53
4 0 55 56 54
4 0 56 49 55
19 4 57 49 53
5 0 58 59 65
5 0 59 60 58
5 0 60 61 59
5 0 61 62 60
5 0 62 63 61
5 0 63 64 62
5 0 64 65 63
5 0 65 58 64
20 4 66 58 62
6 0 67 79 68
6 0 68 67 69
6 0 69 68 70
6 0 70 69 71
6 0 71 70 72
6 0 72 71 73
6 0 73 72 74
6 0 74 73 75
6 0 75 74 76
6 0 76 75 77
6 0 77 76 78
6 0 78 77 79
6 0 79 78 67
7 0 80 72 73
7 0 81 74 73
8 0 82 80 81
9 0 83 94 84
9 0 84 83 85
9 0 85 84 86
9 0 86 85 87
9 0 87 86 88
9 0 88 87 89
9 0 89 88 90
9 0 90 89 91
9 0 91 90 92
9 0 92 91 93
9 0 93 92 94
9 0 94 93 83
10 0 95 104 96
10 0 96 95 97
10 0 97 96 98
10 0 98 97 99
10 0 99 98 100
10 0 100 99 101
10 0 101 100 102
10 0 102 101 103
10 0 103 102 104
10 0 104 103 95
11 4 105 107 106
11 4 106 105 108
11 4 107 108 105
11 4 108 106 107

#FaceParts
m_vChin	closed	0 1 2 3 4 5 6 7 8 9 10 11 12 13 14 15 16 17 18 19 20 21 22 23 24 25 26 27 28 29 30 31 32
m_vLeftEyebrow	closed	33 34 35 36 37 38 39 40
m_vRightEyebrow	closed	41 42 43 44 45 46 47 48
m_vLeftEye	closed	49 50 51 52 53 54 55 56
m_vRightEye	closed	58 59 60 61 62 63 64 65
m_vNose	closed	67 68 69 70 71 72 73 74 75 76 77 78 79
m_vNostril	open	80 81
m_vNoseTip	open	82
m_vLipOuterLine	closed	83 84 85 86 87 88 89 90 91 92 93 94
m_vLipInnerLine	closed	95 96 97 98 99 100 101 102 103 104
m_vLipUpperOuterLine	open	83 84 85 86 87 88 89
m_vLipUpperInnerLine	open	95 96 97 98 99
m_vLipDownerOuterLine	open	89 90 91 92 93 94 83
m_vLipDownerInnerLine	open	100 101 102 103 104
m_vLeftSidePoints	open	0 1 2 3 4 5 6 7 8 9 10 11 29 30 31 32 33 34 35 36 37 38 39 40 49 50 51 52 53 54 55 56 57 67 68 69 70 71 72 80 83 84 85 93 94 95 96 103 104
m_vRightSidePoints	open	13 14 15 16 17 18 19 20 21 22 23 24 25 26 27 28 41 42 43 44 45 46 47 48 58 59 60 61 62 63 64 65 66 74 75 76 77 78 79 81 87 88 89 90 91 98 99 100 101
m_vMidlinePoints	open	12 73 82 86 92 97 102
m_vEyeCornerPoints	open	49 53 58 62
m_vMouthCornerPoints	open	83 89
m_vPitchAxisLinePoints	open	6 18 107 108
m_vLeftIris	closed	57
m_vRightIris	closed	66
m_vLeftEar	closed	
m_vRightEar	closed	
